0.2185
0.3959
0.3180
0.1075
0.1609
0.2501
0.1567
0.4404
0.7593
0.1618
0.1398
0.2917
0.0628
0.3035
0.1616
0.1623
0.3356
0.2047
0.2228
1.2976
0.7869
0.0062
0.3512
0.2304
0.5176
0.1481
0.0582
0.1568
0.1382
0.6236
0.0100
0.4510
0.3627
1.0720
0.1372
0.4077
0.1291
0.0243
0.2512
0.4854
0.3666
0.1422
0.0543
0.7464
0.2562
0.0223
0.0245
0.5351
0.0944
0.0179
0.0569
0.0445
0.1036
0.1395
1.2362
0.3889
0.4135
0.2359
0.4840
0.0242
0.0064
0.2392
0.0031
0.2957
0.0222
0.4123
0.0939
1.2922
0.0661
0.2654
0.6075
0.5154
0.7883
0.0159
0.4656
0.0230
0.3472
0.5180
0.1646
0.3702
0.1141
0.2642
0.0086
0.2342
0.3649
0.5240
0.3143
1.8364
0.1167
0.1587
0.4329
0.2456
0.1720
0.9364
0.0933
0.0475
0.3494
0.8452
1.8237
0.1294
0.1023
0.2709
0.1934
0.4919
0.4542
